0 1.76151032191638013 -1.35113833105027936 0.9207071873505982
1 -0.187972088315278341 -0.190981021780936455 0.0325769957588379691
2 0.119200459381478482 0.0791938470594523297 -0.190362459775335946
3 0.465661065825014264 0.206078539965324048 0.268368514747708342
4 0.626117438991775854 -0.123277354502678224 0.412893570834104884
5 0.0374108304097621122 0.0956900802391839472 1.17490449173856426
6 0.0714189859563361534 0.0411446680478822144 -0.022874543344244283
7 -0.958645115464329289 0.451234304425868926 0.108569915495727407
8 0.700374535565305267 -0.535830207226410837 0.13520785571567201
9 -14.2034806485728389 5.98308676749422119 -1.47060313541410825
10 1.27906541206687252 -1.39180752568316368 -0.22331424901773006
11 0.396287744748577586 0.131623836431444347 -0.532306031316781225
12 0.253692106207580703 -1.34752543854233031 -0.632715190429350538
13 -0.238426771775078677 0.759350308370155602 0.184971916071730302
14 0.248070931696451918 -0.696561079667508021 -0.460466670071140005
15 -0.496394310243514492 -0.354486001227060421 -0.428286203639321128
16 -0.0192593743658622911 0.261848478702734255 -0.323732270696633462
17 -0.90124129193189173 -2.19154713765132625 -2.17367454704559915
18 0.344753972306228618 -0.0325052451575055107 0.843426269664970585
19 -0.351260782954088913 -0.346734225425898435 1.83876464218338942
20 -0.220548552111405616 0.561107165037638023 -0.582244824677342399
21 0.522389976551701718 0.116632656875544055 -0.115026295024306488
22 0.068708542939617881 -0.377804933187117387 -0.585041729394489729
23 -0.221956700790155392 0.130873622668053469 -0.190785654026051021
24 -0.138734447741419686 -0.450241859458760996 -0.227894062427381
25 0.226034069517973085 -0.402940515791716247 0.122157652452573429
26 0.21473183331236706 -0.0652649341405958233 -0.433724082044521675
27 0.916158352433712908 0.422753371090970609 -1.55453028669614879
28 -0.340619248601854108 0.706852054978391098 0.135435169630638036
29 0.380126348919000268 0.221894913946973554 0.100762084577773636
30 1.26979454260067826 -0.235840393475909849 0.269096029891789712
31 0.0211614614996590462 0.400409607720388749 -0.2201191242150079
32 0.0376932141192558787 -0.531223516473049884 -0.543754456036932399
33 -0.250845381701515713 0.738110017525874462 0.388979827778469123
34 0.959148540628947721 0.0548953803639768007 0.656787797463980194
35 0.38826218423501252 -0.085334808886467356 -0.245407172486446917
36 0.355029901162979833 -1.10955202773832684 0.532024087733775519
37 0.532814596718690359 -0.207175238563087588 0.135674869607156912
38 0.22656217030073475 0.722840129149544208 -1.29828914024218989
39 0.377830264818844297 2.44737227088604126 1.07737921234818779
40 -0.154415277287428682 0.0241187076477137538 -0.0429152811542268461
41 0.366331448949855532 -0.0979647564481458538 -0.865232934519453933
42 0.00208377999554590528 1.34030130151036686 -0.625025476764204946
43 0.35344259984595372 0.0582360887625068754 -0.117523680069082689
44 -6.15830296646885689 0.455727529309860491 0.826798257794435387
45 0.207482889547367488 0.357779711423852786 -0.260958054144816987
46 0.427496701988692496 0.852693600258219386 -0.0896317014105462301
47 0.110972569352798076 0.418492033604276614 -0.262969441120359804
48 0.0820919450696878522 -0.351533274998692802 -0.259919646215621081
49 -0.0317048182103977574 0.293359060156298534 -0.10695621412115755
50 -0.492668009916134741 -0.413122325266092549 -0.0443382507447933547
51 -0.467255682594723054 -0.799289231441068893 -0.370361156337849218
52 -0.113799435182336942 -0.0767869204519672499 0.00580787909682562321
53 -0.16910149103962327 -0.450393810203939315 0.655200158865717586
54 0.0147028705587392526 0.463933151420891865 0.238422519763542534
55 -0.273139013567925415 0.281512040978780076 -0.85834445454505981
56 0.0407857090192720179 -0.591532330420650898 -0.584980653690596819
57 -1.83726039211955938 3.09351496370136303 2.10459291818214567
58 -0.229775802321711381 0.113635699002272952 -0.484747162860078129
59 0.218511127827105661 0.570124811436761525 -0.0599483846857073593
60 1.23262483073697204 0.276644474389260375 -0.122562941316608387
61 0.0716412628173397625 -0.271483740908588234 -0.239660531547858546
62 -0.109938421138820977 0.839522340104961962 0.334544740474197744
63 0.183372035282267726 -0.00370859931309588942 0.932840454616108761
64 0.496508046906239009 0.178626536634161143 -0.153741134128310475
65 0.439810352340155919 0.148240529328704213 0.241851845860245745
66 0.324168438504095435 -0.320161316837676846 -0.277909720089716428
67 0.204822154400996992 -0.272048252939686541 0.554636432436491855
68 0.522259917185202371 -0.101043097754789077 0.160871623716980827
69 0.547532751592967104 0.0340079216956711491 -0.363598913439719618
70 1.53186239559898207 -0.598574995560278822 -0.605513689969190749
71 1.08477991727999501 0.0678064633399274169 0.260893298173911381
72 0.0336022053749504904 -0.330768776767155825 0.572379586496679305
73 -0.444313137164088379 -1.7736059805641331 -1.62829105496386206
74 3.36888578440198749 -0.411106080564807908 1.2689777839273455
75 0.673082694912928603 -0.317708429323805164 0.520333275293463404
76 -0.272083857012184238 0.0456418612476327673 -0.513713316607496862
77 -0.747975850805768894 1.67368368325828798 -1.07203109324034784
78 0.67266839104433207 -0.538671006547087772 -0.169107095601129659
79 -3.12335075923862737 0.989227012234241587 4.31149960822173561
80 0.0860908580842483645 0.00822453411472755941 -0.858790995645148936
81 0.0417340982505934946 0.102453394493155187 0.210466642309510288
82 0.459428517908204881 0.214223361608950336 -0.335904316788735668
83 -0.6219053949727954 -0.810681025003218148 0.136100920420691024
84 -0.18837858669192975 0.133600915401614923 0.299152357689158044
85 -0.250342085513507728 0.270617804012955321 0.135199042078486376
86 -0.527157795709438437 0.114255229293493937 -0.0972685042273254974
87 0.0761511997872694885 -0.461002871492096955 -2.2125143238538536
88 0.156307806086201095 0.12899889469087969 0.0265713586947212282
89 -0.387280940036665688 1.39886663558453983 1.89364356504858611
90 -0.153426670418372463 0.133794712269387661 0.0225485048832235607
91 -0.347543399390189967 0.776200287829329816 -0.150204168776943314
92 -0.364030696277337251 0.224559974077229441 -0.309326058667531156
93 0.106445265841150036 -0.05765506361046141 0.0423227171046913347
94 0.287737431235643715 -0.595276303836737353 -0.592572154273149798
95 0.0487211088815124177 -0.0370351567541091914 -0.405935762485030105
96 -0.00534424697886456881 0.0146249690605239589 0.0823316186867710798
97 -2.7913579399307662 1.63019513658783 2.26514508912318036
98 -0.0763621066338267818 0.132683019861961932 -0.203904707518721723
99 0.213244399954230585 0.109373655306172768 -0.21575741667104914
100 -0.0806135456738447664 -1.30997796138711875 1.09063902680219948
101 1.16191235005847893 -0.784473490599772783 -0.705936753977438269
102 0.226919202905437045 -0.339115617628632071 -0.164458385163809478
103 -0.113381846932338798 -0.821328891822638019 0.693771908848951457
104 0.0122057700381880303 0.0331301908409282336 -0.174097856755747432
105 0.22809820923723681 -0.21108883343562268 0.00411509267117243262
106 -0.00514971798565004579 -0.967799107266545611 -0.0381744893609778854
107 -2.27650817537715033 0.302763229568338954 -0.448191937303047017
108 -0.404726683578519708 -0.209802197076040281 0.354024560306691161
109 0.0474122168818467277 -0.258059102654260908 0.325935751219432079
110 1.04950294797618771 0.0439590469701288886 0.239573536026487094
111 0.517563131199238469 -0.641629576546384528 -0.0536187879176588181
112 -0.208671049723877094 -0.270616379729826495 0.0317086524919883914
113 0.465322039938102061 -0.584970805654806747 -0.131660421662863847
114 0.0319652867993661244 -0.292115108893727438 0.316757560948110972
115 -0.46221044212732515 0.40015047705522222 0.804578839693785408
116 -0.472212568402423261 0.506417316618634539 -0.885955018709968622
117 0.304553171307678339 -0.184521046042718295 -0.302533950344374081
118 0.441992410605434649 0.831283208743387458 -0.553089181842304156
119 0.323478163406191122 -0.0914672685588539397 0.118805162589142491
120 0.377140619045682857 -0.303796331134053965 -0.462495307015451995
121 0.263194170258753024 -0.199860183498284188 -0.625588469116439505
122 1.06728560393979088 -1.20761116931824986 0.403777515993627711
123 0.510276863907259792 -0.657833075443630566 0.816218958885129853
124 -3.21915873024421506 0.556775877759710047 0.276996542522640554
125 0.364004519523993486 -0.391638260980602282 -0.755583155005018714
126 0.427517033070022034 0.348767975485975823 0.963883233274120066
127 2.04870584319507865 0.40667860106692183 -0.39664723659201695
128 0.022156905211591367 0.378022101166040292 -0.697989179236921276
129 0.00191106720105444329 -0.0296365960062790965 -0.248125020149245201
130 0.508021406455199998 -0.615317996819888968 0.968661870231444344
131 0.525031282950856215 0.74680054751066649 -0.336950602349226691
132 0.517570616381127446 -0.0658480418122300987 0.03432884795569556
133 2.72955960242623918 1.89032103054771361 -0.672556855847363688
134 -0.209496109129962943 -0.991137682783594154 -0.389101846558449649
135 0.977841061148028046 -1.84591019024992686 0.555398227788894472
136 0.0132539018548804947 -0.996778346675237681 -0.0922405717448514934
137 -0.932472546386932999 -0.5854579771490378 0.199298360065514046
138 -0.07680127073581898 -0.199903851052448511 0.989015268016413263
139 0.958087378548707291 -1.24894424801360127 -0.411476522081405005
140 1.22386181752630541 0.918656293476526997 -0.426856727376879741
141 -0.132300317252576322 -0.0970459115333740518 0.467869850047527791
142 0.399145314978966326 0.104832004347468227 -0.111560809721219664
143 0.22262896018008968 1.1703776712299736 -0.369252284392851959
144 -1.02492874484002128 -0.810191036914573282 -0.993889623112661824
145 -2.11233373052093398 -2.0788208358542084 3.67060828920852655
146 0.243989602528652955 0.595517574571513109 -0.371293623103542858
147 0.629486270079594123 0.25998753502343569 -0.255111182030090866
148 0.166892520889721341 -0.462086436927658661 -0.0240239584729783837
149 0.392989598716850297 -0.549122431085378393 -0.073178243423073025
150 0.0700713447609374457 0.275218343951114996 0.353422802873697595
151 -1.13990276187219797 0.155131806056647226 0.262729044758548413
152 -0.312208414368370046 0.588203322037149423 0.196955862993297148
153 -0.269544645461915033 -0.631687943944415298 0.172619963760360512
154 -0.238515274562428575 -0.0762856731093099483 -0.790041858210234205
155 -3.50874345718090019 6.55339264171871161 6.26228935100567519
156 -1.1078670558596202 1.23914380714453221 0.688371839034934485
157 -0.615441901931529811 0.169648649983325267 -0.324256514650166139
158 1.02039493388551317 -0.58020425038300294 1.54259225198903094
159 0.135453455817695106 -0.106050093530318995 -0.33793737077563557
160 0.450820919467312398 0.0355175636692321717 -0.215214038224202847
161 0.41739327840740853 0.0575997025978659122 0.0421255088786546897
162 0.106268923704229787 -0.304493053868339747 0.131320348264619857
163 0.117217809660402364 0.412761099156851774 1.18686683964866724
164 0.503467101594686883 0.0961318793260311499 -0.145560558829361447
165 1.04487122111351804 -0.806592798255661991 0.384987545713487478
166 -1.30462744903300365 -0.118446845393856415 -0.778594295371466738
167 0.260584056591802893 -1.03805320238444332 -0.641500686344746773
168 -0.120583727705537061 -0.558151443502013733 -0.140195332043822535
169 1.58559264023247004 0.979687709877014368 -0.402169150191825198
170 -1.05380540268072798 0.662471461438345899 1.52396835929710006
171 1.16895614841849516 0.626352414558894788 -0.616489641393739407
172 0.394265452964795315 0.329551348673359723 -0.00503071833550754622
173 -0.17098417494627649 0.0802220643746512085 0.406489853030887416
174 0.425396823892558396 -0.264234440452320973 -0.615474033316047553
175 -0.196899414416347479 -0.101101522691355417 -0.926399370900252261
176 0.972873976914151228 -1.50478604662800719 0.805604653348626298
177 0.26381005396361018 -0.0858802142785115713 -0.156270684036772772
178 -0.328491518060706922 0.580546813883939583 -0.283546579133433285
179 0.298882921117276656 -0.254600984537331709 -0.712160714493000224
180 -0.644932091602355873 0.501914218634839315 -0.651821992563462405
181 0.500401272220329707 0.0146807601504048528 0.626175871015866359
182 -0.0837783413796475834 -0.363684195327613202 0.557846964399237422
183 -0.0593369800790212731 -0.0444821453547650653 0.0680992624397815521
184 0.384705930294704845 -0.477847362117364616 0.0724848772162148824
185 0.197372785953543572 -0.276115040832112579 -0.438402775978338544
186 -0.135747196818076538 -0.353323114077283396 -0.0455701847578679139
187 0.501556040337927111 0.0330271589269381868 -0.15556922560528022
188 0.372423055482687559 -0.179206186051884431 0.241181952405475519
189 0.401905574293655532 -0.0938965841803337947 -0.0524425339729765877
190 -0.411741911047747988 0.109030031060647015 0.64057577811809896
191 0.688427833030034297 -1.1150479074089199 -0.904562615477830678
192 -0.0441544870115683982 -0.884866968162089096 0.143117777328700013
193 -0.770311799009534393 3.68480169735611707 3.3132590130001045
194 1.30386247056229942 0.110842801258831503 0.635162507489870909
195 0.375872775439188456 0.695395899734756906 -0.498185375548019782
196 -1.22414480736185571 -0.296527676734242962 0.908147909202158043
197 -0.415922173575844545 -0.207862224942610252 0.243310859146494973
198 0.467812132074707787 -0.626792727775371983 -0.944887146012710843
199 0.312497168338668474 0.143631495514029095 0.458475120726055563
200 -0.0711461425423760563 0.0787560695576103448 -0.208401200557228439
201 0.28146462906674391 0.43786568366747064 -0.0673487326016729837
202 -0.342041829027139588 1.15001404666391327 -2.62820970926068398
203 0.669952290539762463 0.0230648398847491526 -0.638845022773870119
204 0.254456748072554195 1.39780614420389382 -0.367435553657169844
205 -0.0939321234676114281 -0.469090062317603862 -0.52204626367412077
206 0.548882875265815362 1.2812868358856051 1.01230439291098384
207 -0.579877703900444019 1.30304990910720497 -0.680341862081196402
208 -1.09637187863281116 -0.83314294297205671 -0.2467820236829118
209 -0.0860589073356416712 -0.207125695603328969 -0.936015474201363329
210 0.0500594464334011141 -0.481112116121734656 0.439038958142627722
211 0.094586246957088449 -0.117327985630301584 -0.147729663344410345
212 0.0850606712548816063 1.02821377378048617 0.509243148400548296
213 -0.21330809481077484 -0.131942936942995415 -1.0966205984028905
214 -0.030300048928375501 -0.0788700504567602101 0.387710314006818768
215 2.02460940607743822 -2.08960045026015173 -1.37809271069873862
216 -0.122590603787346292 -0.0125589488707845733 0.29965397330519955
217 0.0874924756578793344 -1.34777264038013089 -0.338393658346910653
218 -2.54301936445650956 -1.80934819242181022 -2.37060720524782553
219 -0.500368797064563609 -0.0457065786906361571 -1.82531613371873513
220 0.996706239884696421 -0.767946352733380078 -0.783526176033149668
221 -0.0471897951114957151 0.128816887155065396 -0.709454391727702749
222 -0.100028041488867292 -0.296994360630501997 0.11717881044891057
223 0.00904538369184287872 0.0010406465143796141 -0.247909478528774402
224 0.177963537802825422 -0.033076247379248927 -0.0279362044630007064
225 -0.135925107647865917 -0.575030072572859097 -0.0502394493882985238
226 -0.687451698853332904 -2.19827000417371332 -1.39871817924062114
227 0.215939905660736842 -0.24731505609979168 -0.260235099638446044
228 0.0388254483819131316 0.237062494899287185 0.205263059853188101
229 0.342978339384733155 -0.155350875119416476 0.547608026777309576
230 0.76376302355717729 -0.244323103999168068 -0.447429756450369531
231 -0.0268432249045714132 -0.386734622022568086 -0.572257092883218799
232 0.680304780530013975 -0.333787759131031425 -0.513879300199583278
233 0.647571439805252558 0.36795684335412826 -0.859570592022590785
234 0.0547855155122479315 0.205144144775543602 0.691593054591545631
235 -0.281845302157424427 0.299853315175766799 0.0758262213017632664
236 0.586022010272167271 0.197279773785028395 0.184031382114482583
237 0.01513981499781656 0.757370530937446773 0.00493635090968626202
238 -0.334813495468806011 1.01846010032976264 1.13449120441901052
239 -0.300045291420467375 -2.15643049046049207 0.637514529854794731
240 0.155576457778671184 0.168829165724189073 0.201149607944090453
241 0.153188089943107009 -0.0901827833465676104 0.0698827887205770021
242 1.32657371566386595 0.354345769528223387 0.30068995203597465
243 -0.125231500394990258 -0.920348790152523799 0.0149898140117774963
244 -0.43726488118000989 0.0499003507884847874 -0.509396923435838089
245 -0.161108243654914135 -0.35993117106254563 0.222171267420505442
246 0.227147067917709278 0.211397691349823474 -0.345242254345567989
247 0.329761743786252226 -0.110108539625040552 -0.317019169148906654
248 -0.0559771723164984927 -0.261351456088454226 -0.49824066783608123
249 0.5850865882772468 -0.439767318115234562 0.12020560525026272
250 -2.47974068210479537 -0.278332546971641004 0.00786296849265383062
251 -0.616895702332864837 -0.0370338249475157602 0.381446170266688034
252 0.763655869825305755 -0.0118553094736583882 -0.600628175424457234
253 0.552153267067163167 -0.0709375163026306488 -0.217187807969027008
254 2.57337976964606918 0.10635755727116121 1.1034914387659247
255 -0.698535481954830617 0.0260465661629124996 0.478037945113325424
